 1.00000000e+00 1.29789042e+05 1.16167477e+00
 1.02329299e+00 1.21942156e+05 1.16082177e+00
 1.04712855e+00 1.14536881e+05 1.15993404e+00
 1.07151931e+00 1.07546847e+05 1.15900738e+00
 1.09647820e+00 1.00950030e+05 1.15804034e+00
 1.12201845e+00 9.47253425e+04 1.15703105e+00
 1.14815362e+00 8.88530400e+04 1.15597797e+00
 1.17489755e+00 8.33143373e+04 1.15487937e+00
 1.20226443e+00 7.80905416e+04 1.15373214e+00
 1.23026877e+00 7.31666642e+04 1.15253716e+00
 1.25892541e+00 6.85257633e+04 1.15129118e+00
 1.28824955e+00 6.41526935e+04 1.14999230e+00
 1.31825674e+00 6.00327265e+04 1.14863775e+00
 1.34896288e+00 5.61530885e+04 1.14722708e+00
 1.38038426e+00 5.25004589e+04 1.14575742e+00
 1.41253754e+00 4.90626323e+04 1.14422664e+00
 1.44543977e+00 4.58280275e+04 1.14263256e+00
 1.47910839e+00 4.27856781e+04 1.14097298e+00
 1.51356125e+00 3.99249501e+04 1.13924494e+00
 1.54881662e+00 3.72364784e+04 1.13744758e+00
 1.58489319e+00 3.47106430e+04 1.13557783e+00
 1.62181010e+00 3.23385758e+04 1.13363332e+00
 1.65958691e+00 3.01118692e+04 1.13161167e+00
 1.69824365e+00 2.80225398e+04 1.12951042e+00
 1.73780083e+00 2.60630219e+04 1.12732714e+00
 1.77827941e+00 2.42261172e+04 1.12505928e+00
 1.81970086e+00 2.25050535e+04 1.12270454e+00
 1.86208714e+00 2.08933430e+04 1.12026033e+00
 1.90546072e+00 1.93848518e+04 1.11772414e+00
 1.94984460e+00 1.79737563e+04 1.11509350e+00
 1.99526231e+00 1.66545320e+04 1.11236592e+00
 2.04173794e+00 1.54219334e+04 1.10953893e+00
 2.08929613e+00 1.42709815e+04 1.10661009e+00
 2.13796209e+00 1.31969503e+04 1.10357695e+00
 2.18776162e+00 1.21953546e+04 1.10043714e+00
 2.23872114e+00 1.12619335e+04 1.09718826e+00
 2.29086765e+00 1.03926546e+04 1.09382811e+00
 2.34422882e+00 9.58367863e+03 1.09035439e+00
 2.39883292e+00 8.83136610e+03 1.08676488e+00
 2.45470892e+00 8.13236806e+03 1.08305908e+00
 2.51188643e+00 7.48319225e+03 1.07923156e+00
 2.57039578e+00 6.88085938e+03 1.07528225e+00
 2.63026799e+00 6.32241849e+03 1.07120906e+00
 2.69153480e+00 5.80508285e+03 1.06701016e+00
 2.75422870e+00 5.32621176e+03 1.06268382e+00
 2.81838293e+00 4.88330519e+03 1.05822833e+00
 2.88403150e+00 4.47399894e+03 1.05364212e+00
 2.95120923e+00 4.09599829e+03 1.04892177e+00
 3.01995172e+00 3.74730998e+03 1.04406956e+00
 3.09029543e+00 3.42587832e+03 1.03908234e+00
 3.16227766e+00 3.12981929e+03 1.03395874e+00
 3.23593657e+00 2.85735553e+03 1.02869732e+00
 3.31131121e+00 2.60681750e+03 1.02329692e+00
 3.38844156e+00 2.37663218e+03 1.01775632e+00
 3.46736850e+00 2.16532072e+03 1.01207428e+00
 3.54813389e+00 1.97149425e+03 1.00624952e+00
 3.63078055e+00 1.79384992e+03 1.00028072e+00
 3.71535229e+00 1.63116704e+03 9.94166506e-01
 3.80189396e+00 1.48230301e+03 9.87905387e-01
 3.89045145e+00 1.34618974e+03 9.81495732e-01
 3.98107171e+00 1.22181897e+03 9.74934618e-01
 4.07380278e+00 1.10828423e+03 9.68222383e-01
 4.16869383e+00 1.00471797e+03 9.61357527e-01
 4.26579519e+00 9.10292533e+02 9.54333940e-01
 4.36515832e+00 8.24271828e+02 9.47150759e-01
 4.46683592e+00 7.45962208e+02 9.39805018e-01
 4.57088190e+00 6.74721299e+02 9.32293521e-01
 4.67735141e+00 6.09955121e+02 9.24612864e-01
 4.78630092e+00 5.51114979e+02 9.16759475e-01
 4.89778819e+00 4.97695282e+02 9.08729856e-01
 5.01187234e+00 4.49230682e+02 9.00520766e-01
 5.12861384e+00 4.05293631e+02 8.92129565e-01
 5.24807460e+00 3.65492315e+02 8.83554729e-01
 5.37031796e+00 3.29468108e+02 8.74796962e-01
 5.49540874e+00 2.96893975e+02 8.65859813e-01
 5.62341325e+00 2.67472335e+02 8.56751656e-01
 5.75439937e+00 2.40933171e+02 8.47487676e-01
 5.88843655e+00 2.17032244e+02 8.38092686e-01
 6.02559586e+00 1.95553484e+02 8.28609278e-01
 6.16595002e+00 1.76288460e+02 8.19082105e-01
 6.30957344e+00 1.59061891e+02 8.09590401e-01
 6.45654229e+00 1.43708766e+02 8.00230324e-01
 6.60693448e+00 1.30075330e+02 7.91118596e-01
 6.76082975e+00 1.18014621e+02 7.82386315e-01
 6.91830971e+00 1.07382391e+02 7.74167233e-01
 7.07945784e+00 9.80345070e+01 7.66581964e-01
 7.24435960e+00 8.98270269e+01 7.59722912e-01
 7.41310241e+00 8.26176886e+01 7.53641387e-01
 7.58577575e+00 7.62771170e+01 7.48367718e-01
 7.76247117e+00 7.06841278e+01 7.43895733e-01
 7.94328235e+00 6.57352482e+01 7.40215141e-01
 8.12830516e+00 6.13418395e+01 7.37311721e-01
 8.31763771e+00 5.74327138e+01 7.35189814e-01
 8.51138038e+00 5.39455887e+01 7.33846125e-01
 8.70963590e+00 5.08284686e+01 7.33283493e-01
 8.91250938e+00 4.80365986e+01 7.33502383e-01
 9.12010839e+00 4.55303770e+01 7.34494620e-01
 9.33254301e+00 4.32752360e+01 7.36247138e-01
 9.54992586e+00 4.12390051e+01 7.38728908e-01
 9.77237221e+00 3.93925979e+01 7.41896814e-01
 1.00000000e+01 3.77096925e+01 7.45697899e-01
 1.02329299e+01 3.61664082e+01 7.50069087e-01
 1.04712855e+01 3.47420994e+01 7.54947658e-01
 1.07151931e+01 3.34182450e+01 7.60265581e-01
 1.09647820e+01 3.21792060e+01 7.65959350e-01
 1.12201845e+01 3.10117102e+01 7.71968853e-01
 1.14815362e+01 2.99047347e+01 7.78238905e-01
 1.17489755e+01 2.88491084e+01 7.84717602e-01
 1.20226443e+01 2.78376720e+01 7.91359887e-01
 1.23026877e+01 2.68644179e+01 7.98120325e-01
 1.25892541e+01 2.59247123e+01 8.04956801e-01
 1.28824955e+01 2.50149735e+01 8.11828534e-01
 1.31825674e+01 2.41326399e+01 8.18698535e-01
 1.34896288e+01 2.32758099e+01 8.25529907e-01
 1.38038426e+01 2.24432275e+01 8.32288749e-01
 1.41253754e+01 2.16341052e+01 8.38943849e-01
 1.44543977e+01 2.08479770e+01 8.45465931e-01
 1.47910839e+01 2.00846413e+01 8.51829830e-01
 1.51356125e+01 1.93439143e+01 8.58012003e-01
 1.54881662e+01 1.86255865e+01 8.63993500e-01
 1.58489319e+01 1.79299349e+01 8.69758860e-01
 1.62181010e+01 1.72566623e+01 8.75296470e-01
 1.65958691e+01 1.66055541e+01 8.80597537e-01
 1.69824365e+01 1.59763419e+01 8.85658368e-01
 1.73780083e+01 1.53686641e+01 8.90478864e-01
 1.77827941e+01 1.47820835e+01 8.95062856e-01
 1.81970086e+01 1.42160970e+01 8.99417976e-01
 1.86208714e+01 1.36701473e+01 9.03555527e-01
 1.90546072e+01 1.31436160e+01 9.07489266e-01
 1.94984460e+01 1.26359249e+01 9.11238985e-01
 1.99526231e+01 1.21464313e+01 9.14824946e-01
 2.04173794e+01 1.16744909e+01 9.18270523e-01
 2.08929613e+01 1.12194724e+01 9.21601524e-01
 2.13796209e+01 1.07807555e+01 9.24845588e-01
 2.18776162e+01 1.03577343e+01 9.28031784e-01
 2.23872114e+01 9.94982030e+00 9.31190102e-01
 2.29086765e+01 9.55643199e+00 9.34349765e-01
 2.34422882e+01 9.17703893e+00 9.37543527e-01
 2.39883292e+01 8.81109580e+00 9.40799927e-01
 2.45470892e+01 8.45808781e+00 9.44147636e-01
 2.51188643e+01 8.11751882e+00 9.47613739e-01
 2.57039578e+01 7.78891437e+00 9.51223567e-01
 2.63026799e+01 7.47181961e+00 9.54999940e-01
 2.69153480e+01 7.16580324e+00 9.58963211e-01
 2.75422870e+01 6.87051639e+00 9.63131896e-01
 2.81838293e+01 6.58546012e+00 9.67518727e-01
 2.88403150e+01 6.31037020e+00 9.72138397e-01
 2.95120923e+01 6.04487777e+00 9.76995173e-01
 3.01995172e+01 5.78872887e+00 9.82097696e-01
 3.09029543e+01 5.54165512e+00 9.87447032e-01
 3.16227766e+01 5.30344217e+00 9.93044395e-01
 3.23593657e+01 5.07389643e+00 9.98887907e-01
 3.31131121e+01 4.85284905e+00 1.00497315e+00
 3.38844156e+01 4.64015351e+00 1.01129410e+00
 3.46736850e+01 4.43568843e+00 1.01784547e+00
 3.54813389e+01 4.23932183e+00 1.02461618e+00
 3.63078055e+01 4.05093650e+00 1.03159789e+00
 3.71535229e+01 3.87041744e+00 1.03878239e+00
 3.80189396e+01 3.69764294e+00 1.04616225e+00
 3.89045145e+01 3.53246515e+00 1.05372992e+00
 3.98107171e+01 3.37472958e+00 1.06147839e+00
 4.07380278e+01 3.22425848e+00 1.06940665e+00
 4.16869383e+01 3.08085695e+00 1.07750825e+00
 4.26579519e+01 2.94430897e+00 1.08578335e+00
 4.36515832e+01 2.81437021e+00 1.09423124e+00
 4.46683592e+01 2.69079729e+00 1.10284844e+00
 4.57088190e+01 2.57332553e+00 1.11164015e+00
 4.67735141e+01 2.46168626e+00 1.12060556e+00
 4.78630092e+01 2.35560703e+00 1.12974455e+00
 4.89778819e+01 2.25481562e+00 1.13905692e+00
 5.01187234e+01 2.15905170e+00 1.14853665e+00
 5.12861384e+01 2.06804770e+00 1.15817859e+00
 5.24807460e+01 1.98156008e+00 1.16797381e+00
 5.37031796e+01 1.89935396e+00 1.17790950e+00
 5.49540874e+01 1.82120929e+00 1.18796969e+00
 5.62341325e+01 1.74692307e+00 1.19813367e+00
 5.75439937e+01 1.67630577e+00 1.20837476e+00
 5.88843655e+01 1.60918759e+00 1.21866522e+00
 6.02559586e+01 1.54541630e+00 1.22896920e+00
 6.16595002e+01 1.48485817e+00 1.23924594e+00
 6.30957344e+01 1.42739261e+00 1.24945435e+00
 6.45654229e+01 1.37291156e+00 1.25954972e+00
 6.60693448e+01 1.32132558e+00 1.26948071e+00
 6.76082975e+01 1.27254695e+00 1.27920218e+00
 6.91830971e+01 1.22649576e+00 1.28867001e+00
 7.07945784e+01 1.18309502e+00 1.29784298e+00
 7.24435960e+01 1.14227042e+00 1.30668457e+00
 7.41310241e+01 1.10394388e+00 1.31516487e+00
 7.58577575e+01 1.06803368e+00 1.32326045e+00
 7.76247117e+01 1.03445438e+00 1.33095561e+00
 7.94328235e+01 1.00311619e+00 1.33824070e+00
 8.12830516e+01 9.73926384e-01 1.34511160e+00
 8.31763771e+01 9.46786141e-01 1.35157082e+00
 8.51138038e+01 9.21598336e-01 1.35762227e+00
 8.70963590e+01 8.98267766e-01 1.36327108e+00
 8.91250938e+01 8.76690895e-01 1.36853372e+00
 9.12010839e+01 8.56778018e-01 1.37341143e+00
 9.33254301e+01 8.38431936e-01 1.37791929e+00
 9.54992586e+01 8.21560330e-01 1.38206731e+00
 9.77237221e+01 8.06067378e-01 1.38587238e+00
 1.00000000e+02 7.91862625e-01 1.38934684e+00
